<simulation verbosity='high'>
   <prng>
      <seed>18885</seed>
      <state shape='(624)'>
       [ 1814743762, 65287076, 3881989935, 2837132176, 4121170382, 
         1564727635, 3184451452, 579883477, 1678810497, 565936092, 
         2656853378, 2549833751, 3195348816, 228019096, 1360189493, 
         3309274114, 479013716, 3220152960, 4042775587, 3845579383, 
         2342662314, 4141810533, 2086052535, 2753753270, 282809825, 
         3655433454, 829407348, 406721936, 951178393, 1413549325, 
         2862158725, 1941733555, 1461179003, 2064267404, 1207896487, 
         4072134817, 1560063518, 2321255314, 3568849542, 3884311660, 
         2443379645, 3295661273, 54024834, 1361344668, 2972821104, 
         100774498, 3533761178, 3262158390, 1890421205, 2554164975, 
         2736990908, 3690705589, 3438908500, 2908850810, 2897012330, 
         2152010358, 3121889512, 779117566, 4228456579, 1903544386, 
         3809215842, 3829063381, 2660447427, 2327389527, 3108281134, 
         1369135642, 2255278978, 1456471632, 3351650245, 2183669988, 
         1679773384, 291874427, 300837278, 1702492712, 658621780, 
         2320074189, 2145027943, 2721218140, 2678686557, 590912519, 
         3455527359, 1233622161, 1526351141, 4262707783, 2989531041, 
         3811483536, 1356838226, 4040557726, 4195925080, 3052438306, 
         2015057773, 2017213740, 1373380548, 2820726060, 3739514820, 
         3286750871, 1256079418, 2846022297, 1038088170, 753446968, 
         1912942223, 1521180028, 569387413, 2407061344, 3243989184, 
         243613497, 1165122285, 4224547532, 579081444, 3854317410, 
         2672657871, 2532666325, 633185101, 3057403482, 3825406158, 
         2650979786, 2392708116, 1308606706, 2394571184, 3363870598, 
         3653448465, 1648371657, 259514141, 1326530555, 2627752841, 
         724346991, 3248041305, 2664889015, 1048675778, 2252653794, 
         609433760, 2294079548, 3531477313, 261765076, 793504691, 
         3306603199, 3724313035, 3942435255, 723558841, 3090091697, 
         1063581240, 2898310488, 2063455370, 2235251204, 2460814732, 
         255052368, 524236818, 3082696698, 205406930, 2376721276, 
         2692862478, 3671941008, 3714780785, 2456914856, 2349107913, 
         3356608441, 1749644575, 974986674, 3129558723, 822673826, 
         3924126967, 4273591028, 372097118, 644553406, 2074651802, 
         3131505273, 542230734, 3764500491, 490976554, 3908983178, 
         1002855958, 686009975, 3433168923, 2039446665, 2653002186, 
         269504070, 2640115295, 360495639, 4120911478, 3078971259, 
         1727990528, 3567951242, 3961453468, 2619456950, 1710190775, 
         3860931076, 4018905494, 175311777, 929071482, 3408818525, 
         3230760108, 968924652, 347337581, 3327156168, 3341717859, 
         3934983403, 637151723, 1484119727, 417557807, 469892724, 
         3610959296, 1265759383, 177764114, 857303616, 563871271, 
         3890148606, 1957050542, 1270134699, 2240146833, 4097699055, 
         1149918049, 3973090301, 3501387608, 2282997274, 3263819159, 
         1326498818, 20582365, 340101700, 3600327109, 3521297669, 
         1217859122, 1112724104, 1407765364, 2215296045, 1376702248, 
         1617873193, 620738854, 1400611701, 1280713195, 3143912498, 
         1535754756, 1962589094, 1097077339, 1013926968, 76547172, 
         869933894, 1159380450, 3712713084, 4284776126, 1960809236, 
         2341737484, 529096111, 3186174991, 2663584453, 964666953, 
         640721716, 166936261, 1532365192, 2381162893, 2029525419, 
         921039012, 969072212, 261560885, 475621480, 2023205628, 
         1359676784, 2051035557, 1358416663, 3227890451, 1809262721, 
         2647035659, 167535611, 1609889401, 3773707429, 3244154337, 
         3158280426, 382827772, 3363122510, 794521309, 1419333292, 
         888242675, 2349560462, 3852622146, 2942529533, 485802046, 
         2500143543, 540482840, 2150602698, 3437276420, 3040013375, 
         3783592373, 4107987793, 2523850440, 3261584312, 2697585851, 
         3577113086, 2100231881, 4256969150, 900731140, 2133366321, 
         2916782513, 3092312904, 1450439596, 1174107830, 237589749, 
         303452924, 1684169203, 4238883900, 1820409089, 4277975075, 
         2949914978, 872054885, 2617071812, 1925031402, 2498049506, 
         1179823990, 3666228785, 1285170091, 1229001913, 1266528939, 
         1528993296, 3465446798, 1849115685, 2177460587, 1939143381, 
         760932560, 3068072599, 1845050318, 3392316111, 3368240622, 
         788058631, 1093163347, 2933317243, 3839114980, 1381537043, 
         2347695034, 4074022584, 3558331773, 2662356762, 2450104273, 
         2655254485, 1038394068, 1414280709, 1606414072, 1264806513, 
         1324769511, 834164552, 805440199, 3070517318, 2260495280, 
         3564002628, 1840072235, 4205798339, 1254389674, 1721093759, 
         1607721050, 1196600362, 1969740433, 931190014, 3608316990, 
         2325891881, 2869803568, 3591145601, 1743381751, 671673164, 
         1204414298, 1919404558, 3997009067, 1974508064, 1109069452, 
         3968044863, 81103544, 2895262603, 1836776738, 2860108786, 
         2806679837, 3186183331, 3202254678, 3114629539, 425961079, 
         1045480231, 3179237325, 2771089600, 871869101, 2376506637, 
         1984767480, 2606941631, 4262377274, 3800492981, 1026187371, 
         1654005837, 3213776244, 911166353, 2182078829, 3108731649, 
         4233673000, 1622899833, 2552959541, 947397253, 4247349062, 
         334857786, 240933793, 2069141574, 1375559460, 983498952, 
         771870030, 875550531, 2356151755, 1037243191, 3064372315, 
         92604625, 1235842588, 3250030902, 2857309060, 3940785645, 
         3063692360, 399402063, 204250874, 3415195639, 1739065173, 
         164048187, 1238255759, 1686013854, 243645287, 2762937107, 
         3417498351, 3082948111, 1173938889, 2378958637, 847002681, 
         1977797782, 1373155513, 2347024526, 18880819, 4143380298, 
         374569332, 3985324941, 1717334149, 1887466501, 4263600605, 
         2312476594, 3817191063, 1416133894, 1362891345, 3792413887, 
         4132123253, 568598263, 121282466, 673243328, 4182373383, 
         4030781845, 2053682379, 3088185665, 1034098068, 2581524088, 
         1387102056, 3939204624, 4149828574, 2004600487, 659207625, 
         864237464, 812398822, 3371860931, 2073466528, 505842056, 
         51804155, 3011737384, 1228838665, 4158126948, 2547283184, 
         3627281988, 3562471778, 26612689, 2372054772, 3662278265, 
         873424892, 2139594681, 203952961, 1756145178, 1012857899, 
         477131974, 3307879328, 3309969211, 1950205033, 2624144323, 
         2201576065, 3177485982, 110980127, 3509383868, 274489545, 
         3040006097, 1485071641, 3712944693, 17321075, 722334736, 
         2675966587, 2883690629, 2606659089, 2025013642, 2063823126, 
         3331083773, 3663688072, 1226037574, 1903914686, 3019530786, 
         4235007696, 1076182417, 3635312794, 2380230069, 2290204727, 
         2773170008, 413160297, 1667365225, 1484350003, 72727731, 
         527915070, 3854665245, 3182578912, 722980816, 2957921875, 
         1570655914, 2081469681, 3662178654, 854495817, 3694516240, 
         3126714516, 1316743555, 2010247218, 186475197, 1147881732, 
         3788656451, 2340991333, 1444648067, 2308150154, 4172305393, 
         2064985402, 931036531, 127756250, 492082139, 2201508393, 
         888155670, 864015535, 3533804686, 1797927916, 1356649470, 
         3103293765, 686945536, 771162975, 2478640705, 726849892, 
         1120275615, 2937438689, 1618315392, 3496719323, 3280161786, 
         2081442578, 1756312613, 2713293505, 3623843885, 1418643031, 
         693923247, 215843909, 2445609183, 3270466859, 428321557, 
         3527016092, 1486293468, 2131769113, 1165095631, 1795993155, 
         2544684122, 823749622, 3382595406, 3073824825, 2367980602, 
         1396103680, 3777544043, 1125573433, 3915751543, 507682027, 
         778457044, 768354742, 138138892, 72611342, 2875230083, 
         1433741421, 1665735674, 3890303367, 423129675, 3056024676, 
         3322156584, 252376868, 1265876688, 3734766386, 3381314649, 
         3903554375, 1935300876, 1572287106, 865844542, 1279884552, 
         2451057912, 1689139550, 2737001181, 3102784999, 1401170945, 
         3937737956, 2117803970, 2278950339, 1838059205, 3985977223, 
         3662470850, 2989002459, 2148685777, 3561071370, 761252367, 
         93471380, 3590008142, 2041564876, 585878898, 1691146743, 
         1233461982, 756238078, 2576050895, 2121553949, 1841204910, 
         1309705580, 1378567197, 2972326784, 586184498, 529969708, 
         3342750827, 2927601278, 3813299459, 37401130 ]
      </state>
      <set_pos>548</set_pos>
   </prng>
   <output prefix='data'>
      <trajectory filename='pos' stride='40' cell_units='angstrom'>positions{angstrom}</trajectory>
      <trajectory filename='xc' stride='40'>x_centroid{angstrom}</trajectory>
      <properties shape='(8)' stride='40'>
       [ time{picosecond}, conserved, temperature{kelvin}, potential, kinetic_md, 
         kinetic_cv, kinetic_cv(O), kinetic_cv(H) ]
      </properties>
   </output>
   <step>40000</step>
   <total_steps>40000</total_steps>
   <ffsocket mode='unix' name='driver'>
      <address>prism</address>
      <port>20614</port>
      <timeout>  6.00000000e+00</timeout>
   </ffsocket>
   <system>
      <forces>
         <force forcefield='driver'>
         </force>
      </forces>
      <ensemble>
         <temperature>  3.16681520e-04</temperature>
         <eens>  9.42222568e-02</eens>
         <hamiltonian_weights shape='(1)'> [   1.00000000e+00 ] </hamiltonian_weights>
         <time>  4.13413730e+05</time>
      </ensemble>
      <motion mode='dynamics'>
         <dynamics mode='nvt'>
            <thermostat mode='langevin'>
               <ethermo> -1.12453538e-01</ethermo>
               <tau>  4.13413730e+03</tau>
            </thermostat>
            <timestep>  1.03353433e+01</timestep>
            <nmts shape='(1)'> [ 1 ] </nmts>
         </dynamics>
      </motion>
      <beads natoms='18' nbeads='1'>
         <q shape='(1, 54)'>
          [  -1.44182481e+00,   4.32740901e+00,   1.72945305e+00,   2.91631767e-02,   1.83136925e+00, 
              1.28321109e+00,  -5.94074411e+00,  -1.21847695e+00,   3.70070641e+00,  -4.03604392e+00, 
              2.90986701e-01,   2.01834491e+00,  -1.99247752e+00,   1.09588766e+00,  -5.02294085e+00, 
             -9.43413522e-01,   2.67008178e+00,  -2.79266581e+00,   3.46237651e+00,   6.79732313e-02, 
             -7.28116879e-04,   2.17843466e+00,  -1.58360961e+00,   2.02833684e+00,  -3.36616212e-01, 
             -5.39761645e+00,   1.91676675e+00,  -1.84934690e+00,  -3.30595483e+00,   3.15160988e+00, 
              5.59901475e+00,   1.71319635e+00,  -3.98183983e+00,   2.80398570e+00,   8.72251168e-01, 
             -4.23301591e+00,  -1.52239413e+00,   2.81408124e+00,   7.52725327e-01,  -4.59067755e+00, 
             -1.34829521e+00,   2.55630639e+00,  -5.92868710e-01,   2.13111689e+00,  -4.46036811e+00, 
              2.71567084e+00,   1.17976844e-01,   1.67143198e+00,  -2.34268976e-01,  -4.15011931e+00, 
              3.26241448e+00,   4.50688315e+00,   2.88653070e-01,  -3.78602804e+00 ]
         </q>
         <p shape='(1, 54)'>
          [   3.88927319e-01,  -4.41953582e-01,  -5.16062577e-01,  -9.09065652e-01,  -1.12595709e+00, 
              1.55804257e+00,  -1.18215076e+00,   4.74710169e-02,  -4.24484101e-01,  -3.52856020e-01, 
             -6.13756568e-01,  -4.33785135e-01,  -3.03654753e-01,  -3.12784476e-01,   1.65235647e-01, 
             -1.39494290e+00,  -1.07102097e+00,  -2.16270742e-01,   3.82462281e-01,   2.23989656e+00, 
              3.80308336e-02,  -7.06061492e-01,   7.55481702e-01,   7.27227365e-01,   9.50962058e-01, 
              1.03297147e+00,  -2.41747870e-05,  -4.33727979e-01,  -2.98365251e-01,  -5.22370597e-01, 
              6.78437249e-01,   8.91653477e-01,  -2.53927351e-01,  -3.94747947e-01,  -2.24483947e-01, 
             -6.75844795e-03,   5.28090132e+00,   1.45281781e+00,  -7.61318328e+00,  -6.44935811e-01, 
             -2.19935146e+00,   6.22497975e+00,   4.91579654e+00,  -9.45250734e-02,  -2.53060976e+00, 
             -8.67485699e-01,   3.55721811e+00,  -1.97743881e+00,  -4.26599421e+00,  -3.19867017e+00, 
              1.05243603e+00,  -1.14186354e+00,  -3.96641542e-01,   4.72896278e+00 ]
         </p>
         <m shape='(18)'>
          [   1.83736223e+03,   1.83736223e+03,   1.83736223e+03,   1.83736223e+03,   1.83736223e+03, 
              1.83736223e+03,   1.83736223e+03,   1.83736223e+03,   1.83736223e+03,   1.83736223e+03, 
              1.83736223e+03,   1.83736223e+03,   2.91651223e+04,   2.91651223e+04,   2.91651223e+04, 
              2.91651223e+04,   2.91651223e+04,   2.91651223e+04 ]
         </m>
         <names shape='(18)'>
          [ H, H, H, H, H, 
            H, H, H, H, H, 
            H, H, O, O, O, 
            O, O, O ]
         </names>
      </beads>
      <cell shape='(3, 3)'>
       [   2.52916600e+01,   0.00000000e+00,   0.00000000e+00,   0.00000000e+00,   2.52916600e+01, 
           0.00000000e+00,   0.00000000e+00,   0.00000000e+00,   2.52916600e+01 ]
      </cell>
   </system>
</simulation>
